1111111001101001111010011010001111111
1000001001010000110100100101101000001
1011101010011101100111001010101011101
1011101010101101111100111100101011101
1011101011001111101110011100101011101
1000001010000101101011101111001000001
1111111010101010101010101010101111111
0000000011000000000001111010100000000
1011111000110000001110001110001111100
0010000100011011110001100110010100110
0000001010100100010010101011001110111
0010100000111100100001111011111110001
1000011101100000000000110110011010011
0111000010001100111111010000100100001
1000001111001111110000000101101111011
0010110001010011111111010011101110010
1110111110100001100101011111011010110
1001110101110011001010000000100001010
1010001110000001101101000101100000111
0101000001111011000111100011000001001
1011101011011111010100101111011011100
0111010010101010101100110010100001011
1110111100110001101000101011110111011
1101100110110111000100000011010110010
1000101101100001001011100111011110101
1001000011101011110001000010110100100
1000011111100100011011100101000000111
1000010000000010101001000001111000011
1010101001101000010000110111111111111
0000000011010000111111010001100011010
1111111000000011010011000100101010111
1000001010111010011011101010100011000
1011101010010010100001000111111110110
1011101010011011011010111001111011001
1011101010111011101101000011100000011
1000001001010011000111001010101010001
1111111010101001010110111110000010111