11111110001100000011001111111
10000010000110011010101000001
10111010101000010010001011101
10111010111100100001001011101
10111010100100101111101011101
10000010101100111110001000001
11111110101010101010101111111
00000000111110100011000000000
10111110001101111101001111100
10010000111000001011111111011
10110110111001011010100111000
11001101000100011000001000011
11011010111101110100000000100
10000001100110101010111110011
11010110100100111000001100000
01111000111010100000011011000
10000010011001111100010100111
10110001101110001111011110011
10011110001000110100010110100
10100101100100010010110111010
10111011011000010100111111101
00000000111101000001100010110
11111110000001111110101011000
10000010110111001000100010000
10111010111000111111111110111
10111010101111000010001000011
10111010101000000010011110010
10000010001111000110010011010
11111110101111110000111110000