11111110100010010110001111111
10000010000011001001001000001
10111010011010111111101011101
10111010111000101001001011101
10111010101111011110001011101
10000010101011001101001000001
11111110101010101010101111111
00000000100000101111000000000
10001011111111001101111111001
10111101011010111000001111111
11100111100011010100010000001
00010001001000010101110101011
10010111101101000100110000010
11111101101100111110101111111
01011011011100010010110111101
00101000000110101111001010011
00000111000100101101010000010
11101100111110111000001011011
00101110001010110000010010101
00011100100000100101110100011
11000010011100111100111111001
00000000101011010001100010001
11111110100111010111101011101
10000010011000000101100010010
10111010100011110101111111001
10111010010000110010110100001
10111010001101011101010001111
10000010000100010110111011011
11111110110001010100110101010