111111100111101100110011001111111
100000100110000101001001001000001
101110100010001011010010101011101
101110100111110101010000101011101
101110100110000011010101101011101
100000101001010001101100001000001
111111101010101010101010101111111
000000000010000001111100000000000
100101101110110110010101110100000
011011010010100010001000111100011
001000100001000001011010011110101
001100011101001111000110010011000
110111101110000000011110011011001
110001011101000110000000000010011
101100110111100001001111111010110
101010001001111101110101001010010
001100100011000011111110101011010
110011011010000010001101110101000
001001100110100010100010111000111
011100011001100011110100100100011
010001110011100011101110000010011
001111011101001110100110011001011
110100101001110101011000100101001
011010010110000010111111000011000
100100101100101101000100111110001
000000001111000000111111100011011
111111100001101000000010101011100
100000101111010010001111100010001
101110100100110110000100111111000
101110101101000100001101101010100
101110100100001000100000110011101
100000100000000111001100111001000
111111101110001010010101110010010