1111111001110101101011111010001111111
1000001000101011000101000001001000001
1011101010111010100111000010101011101
1011101010100010110100100111001011101
1011101010111101100111010000101011101
1000001010101100001010100001001000001
1111111010101010101010101010101111111
0000000010110110100101110000000000000
1011111001010011001010111110001111100
0001110001110001100000010000110001010
0001001010111000011010101011110101111
0110000011001110100001101011010111001
0111111110000010110010111110011011111
0101000101010000011111111000110100010
0110111111100011110011000001111111001
1001110011001000011111100011001110000
0110101010011111100100010100111010111
1010010011101101011011111100000000110
0101011010000011101100001111101000011
0010010000101001000111000001110101001
1000011101011101011110101110001010100
1010010101100100100101110110100001010
1101001101010011101011000011011111001
1000000100001101000111110010011110011
1101101011101111001100111100001110101
1000010111100001110001010010010000000
1000101001101000000011100101010000111
1010000011110010100101000011100100011
1011001011001110111000101101111111100
0000000010101110010101010001100011000
1111111001010011010000000100101010111
1000001010000010111011011000100011011
1011101010000111100110000111111110100
1011101010111101001101111100011011001
1011101011011111111011000111000001111
1000001000010001000101111001101011001
1111111010110011010000101110011010111